0 1 226
0 2 56
0 3 54
0 5 203
0 6 127
0 8 8
0 11 136
0 12 65
0 13 111
0 14 79
0 15 47
0 17 247
0 18 253
0 19 222
0 20 122
0 21 169
0 23 213
0 24 217
1 0 226
1 3 190
1 4 202
1 5 15
1 7 60
1 8 33
1 12 112
1 13 162
1 15 215
1 16 44
1 18 147
1 20 12
1 21 229
1 22 228
1 23 61
1 24 112
1 25 1
1 26 228
1 29 1
1 31 43
2 0 56
2 3 5
2 8 20
2 9 23
2 10 141
2 11 150
2 12 173
2 13 214
2 14 17
2 16 26
2 17 228
2 18 96
2 19 130
2 20 198
2 21 91
2 22 169
2 23 229
2 24 18
2 25 181
2 27 166
2 28 1
2 30 66
2 31 186
3 0 54
3 1 190
3 2 5
3 4 199
3 5 9
3 7 194
3 9 192
3 11 136
3 13 121
3 15 59
3 16 87
3 19 150
3 20 93
3 25 61
3 26 202
3 27 121
3 28 59
3 30 83
3 31 35
4 1 202
4 3 199
4 6 97
4 8 147
4 10 247
4 12 113
4 13 65
4 14 103
4 15 215
4 17 65
4 18 196
4 20 179
4 22 66
4 23 154
4 24 21
4 25 44
4 26 18
4 28 124
4 29 182
4 31 219
5 0 203
5 1 15
5 3 9
5 6 71
5 7 237
5 8 98
5 9 253
5 10 53
5 13 143
5 14 161
5 15 112
5 17 118
5 18 58
5 19 91
5 20 17
5 21 181
5 22 219
5 25 54
5 26 179
5 27 63
5 30 200
6 0 127
6 4 97
6 5 71
6 11 48
6 12 188
6 15 93
6 17 58
6 18 240
6 19 19
6 20 137
6 21 99
6 22 129
6 25 50
6 28 51
6 30 34
6 31 99
7 1 60
7 3 194
7 5 237
7 9 51
7 10 12
7 11 207
7 12 39
7 14 139
7 16 146
7 18 237
7 20 235
7 21 45
7 22 241
7 24 114
7 25 121
7 26 91
7 28 140
7 29 70
8 0 8
8 1 33
8 2 20
8 4 147
8 5 98
8 10 13
8 11 110
8 13 5
8 14 60
8 15 15
8 16 121
8 17 16
8 18 59
8 19 8
8 22 209
8 23 234
8 24 121
8 25 84
8 31 142
9 2 23
9 3 192
9 5 253
9 7 51
9 10 35
9 14 53
9 15 96
9 21 86
9 22 85
9 23 60
9 25 231
9 26 130
9 28 20
9 29 148
9 31 205
10 2 141
10 4 247
10 5 53
10 7 12
10 8 13
10 9 35
10 11 180
10 12 112
10 14 101
10 16 27
10 17 132
10 18 146
10 19 66
10 21 74
10 22 45
10 23 110
10 24 200
10 25 137
10 26 153
10 28 42
10 29 34
10 30 11
10 31 90
11 0 136
11 2 150
11 3 136
11 6 48
11 7 207
11 8 110
11 10 180
11 14 171
11 16 202
11 19 181
11 20 34
11 21 22
11 24 134
11 25 82
11 26 206
11 27 64
11 29 4
12 0 65
12 1 112
12 2 173
12 4 113
12 6 188
12 7 39
12 10 112
12 13 133
12 14 27
12 17 200
12 20 13
12 21 243
12 22 112
12 24 100
12 27 20
12 29 92
12 30 104
12 31 9
13 0 111
13 1 162
13 2 214
13 3 121
13 4 65
13 5 143
13 8 5
13 12 133
13 18 240
13 19 159
13 20 87
13 21 39
13 22 169
13 24 46
13 25 30
13 26 10
13 28 148
13 29 150
14 0 79
14 2 17
14 4 103
14 5 161
14 7 139
14 8 60
14 9 53
14 10 101
14 11 171
14 12 27
14 15 17
14 17 81
14 18 42
14 19 114
14 20 36
14 21 19
14 25 170
14 26 228
14 28 13
14 29 82
14 30 21
14 31 118
15 0 47
15 1 215
15 3 59
15 4 215
15 5 112
15 6 93
15 8 15
15 9 96
15 14 17
15 16 78
15 17 23
15 19 208
15 21 157
15 24 190
15 25 50
15 26 118
15 28 171
15 30 46
15 31 134
16 1 44
16 2 26
16 3 87
16 7 146
16 8 121
16 10 27
16 11 202
16 15 78
16 17 155
16 19 101
16 20 31
16 22 148
16 23 247
16 25 224
16 27 71
16 28 98
16 30 123
16 31 150
17 0 247
17 2 228
17 4 65
17 5 118
17 6 58
17 8 16
17 10 132
17 12 200
17 14 81
17 15 23
17 16 155
17 18 161
17 20 28
17 21 171
17 23 105
17 24 192
17 27 176
17 28 226
17 31 40
18 0 253
18 1 147
18 2 96
18 4 196
18 5 58
18 6 240
18 7 237
18 8 59
18 10 146
18 13 240
18 14 42
18 17 161
18 19 154
18 20 166
18 21 176
18 22 3
18 23 89
18 25 31
18 28 12
18 29 12
18 30 165
18 31 86
19 0 222
19 2 130
19 3 150
19 5 91
19 6 19
19 8 8
19 10 66
19 11 181
19 13 159
19 14 114
19 15 208
19 16 101
19 18 154
19 20 41
19 21 233
19 24 48
19 25 166
19 26 15
19 28 129
19 29 108
19 30 18
19 31 47
20 0 122
20 1 12
20 2 198
20 3 93
20 4 179
20 5 17
20 6 137
20 7 235
20 11 34
20 12 13
20 13 87
20 14 36
20 16 31
20 17 28
20 18 166
20 19 41
20 21 59
20 22 158
20 23 30
20 24 133
20 25 141
20 27 55
20 28 121
20 29 38
20 30 8
21 0 169
21 1 229
21 2 91
21 5 181
21 6 99
21 7 45
21 9 86
21 10 74
21 11 22
21 12 243
21 13 39
21 14 19
21 15 157
21 17 171
21 18 176
21 19 233
21 20 59
21 22 22
21 23 69
21 24 140
21 27 15
21 28 42
21 29 36
22 1 228
22 2 169
22 4 66
22 5 219
22 6 129
22 7 241
22 8 209
22 9 85
22 10 45
22 12 112
22 13 169
22 16 148
22 18 3
22 20 158
22 21 22
22 23 80
22 24 154
22 25 80
22 28 180
22 29 163
22 30 63
22 31 23
23 0 213
23 1 61
23 2 229
23 4 154
23 8 234
23 9 60
23 10 110
23 16 247
23 17 105
23 18 89
23 20 30
23 21 69
23 22 80
23 26 31
23 27 187
23 30 44
23 31 29
24 0 217
24 1 112
24 2 18
24 4 21
24 7 114
24 8 121
24 10 200
24 11 134
24 12 100
24 13 46
24 15 190
24 17 192
24 19 48
24 20 133
24 21 140
24 22 154
24 26 13
24 27 29
24 28 151
24 30 199
25 1 1
25 2 181
25 3 61
25 4 44
25 5 54
25 6 50
25 7 121
25 8 84
25 9 231
25 10 137
25 11 82
25 13 30
25 14 170
25 15 50
25 16 224
25 18 31
25 19 166
25 20 141
25 22 80
25 26 137
25 27 164
25 28 210
25 29 237
25 30 28
25 31 73
26 1 228
26 3 202
26 4 18
26 5 179
26 7 91
26 9 130
26 10 153
26 11 206
26 13 10
26 14 228
26 15 118
26 19 15
26 23 31
26 24 13
26 25 137
26 27 93
26 28 179
26 30 37
27 2 166
27 3 121
27 5 63
27 11 64
27 12 20
27 16 71
27 17 176
27 20 55
27 21 15
27 23 187
27 24 29
27 25 164
27 26 93
27 28 11
27 31 151
28 2 1
28 3 59
28 4 124
28 6 51
28 7 140
28 9 20
28 10 42
28 13 148
28 14 13
28 15 171
28 16 98
28 17 226
28 18 12
28 19 129
28 20 121
28 21 42
28 22 180
28 24 151
28 25 210
28 26 179
28 27 11
28 29 233
28 30 7
29 1 1
29 4 182
29 7 70
29 9 148
29 10 34
29 11 4
29 12 92
29 13 150
29 14 82
29 18 12
29 19 108
29 20 38
29 21 36
29 22 163
29 25 237
29 28 233
29 30 145
29 31 57
30 2 66
30 3 83
30 5 200
30 6 34
30 10 11
30 12 104
30 14 21
30 15 46
30 16 123
30 18 165
30 19 18
30 20 8
30 22 63
30 23 44
30 24 199
30 25 28
30 26 37
30 28 7
30 29 145
31 1 43
31 2 186
31 3 35
31 4 219
31 6 99
31 8 142
31 9 205
31 10 90
31 12 9
31 14 118
31 15 134
31 16 150
31 17 40
31 18 86
31 19 47
31 22 23
31 23 29
31 25 73
31 27 151
31 29 57
