0 4 21
0 5 217
0 6 249
0 8 79
0 9 29
0 10 30
0 12 174
0 15 9
0 17 57
0 19 15
0 21 85
0 22 15
0 23 96
0 24 1
0 25 60
0 26 154
0 27 208
0 28 47
0 30 29
0 31 215
2 5 217
2 19 151
2 23 84
2 25 237
2 26 250
2 28 80
2 30 129
3 5 213
3 6 20
3 19 12
3 24 154
3 30 19
4 0 21
4 5 21
4 10 13
4 17 74
4 19 11
4 20 44
4 24 28
4 25 8
4 28 54
4 30 118
5 0 217
5 2 217
5 3 213
5 4 21
5 6 176
5 12 37
5 15 53
5 16 18
5 19 12
5 22 13
5 23 179
5 24 127
5 26 11
5 28 122
5 30 100
6 0 249
6 3 20
6 5 176
6 9 137
6 10 98
6 15 141
6 19 27
6 22 9
6 25 233
6 26 195
6 28 82
6 30 89
6 31 146
7 16 217
7 19 1
7 22 101
7 23 104
7 25 13
8 0 79
8 15 19
8 19 111
8 22 61
8 26 117
9 0 29
9 6 137
9 16 140
9 17 22
9 19 12
9 22 28
9 24 51
9 25 180
9 26 18
9 30 47
10 0 30
10 4 13
10 6 98
10 15 38
10 17 229
10 19 12
10 20 121
10 22 129
10 24 30
10 28 93
10 30 35
11 18 46
12 0 174
12 5 37
12 30 224
13 17 70
13 19 59
13 22 56
13 24 248
14 19 151
15 0 9
15 5 53
15 6 141
15 8 19
15 10 38
15 16 228
15 17 92
15 18 223
15 19 10
15 22 75
15 24 180
15 25 71
15 26 148
15 27 164
15 28 235
15 29 203
15 30 36
15 31 93
16 5 18
16 7 217
16 9 140
16 15 228
16 17 66
16 19 82
16 21 13
16 25 91
16 31 86
17 0 57
17 4 74
17 9 22
17 10 229
17 13 70
17 15 92
17 16 66
17 19 23
17 20 64
17 24 118
17 28 235
17 30 101
17 31 213
18 11 46
18 15 223
18 19 199
18 22 22
19 0 15
19 2 151
19 3 12
19 4 11
19 5 12
19 6 27
19 7 1
19 8 111
19 9 12
19 10 12
19 13 59
19 14 151
19 15 10
19 16 82
19 17 23
19 18 199
19 20 184
19 21 29
19 22 27
19 23 20
19 24 5
19 25 5
19 26 27
19 28 15
19 29 82
19 30 45
19 31 8
20 4 44
20 10 121
20 17 64
20 19 184
20 22 148
20 24 132
20 30 150
21 0 85
21 16 13
21 19 29
22 0 15
22 5 13
22 6 9
22 7 101
22 8 61
22 9 28
22 10 129
22 13 56
22 15 75
22 18 22
22 19 27
22 20 148
22 23 164
22 24 45
22 25 98
22 26 53
22 28 60
22 30 58
22 31 7
23 0 96
23 2 84
23 5 179
23 7 104
23 19 20
23 22 164
23 24 207
23 27 166
23 31 155
24 0 1
24 3 154
24 4 28
24 5 127
24 9 51
24 10 30
24 13 248
24 15 180
24 17 118
24 19 5
24 20 132
24 22 45
24 23 207
24 25 26
24 28 3
24 30 19
24 31 42
25 0 60
25 2 237
25 4 8
25 6 233
25 7 13
25 9 180
25 15 71
25 16 91
25 19 5
25 22 98
25 24 26
25 30 34
26 0 154
26 2 250
26 5 11
26 6 195
26 8 117
26 9 18
26 15 148
26 19 27
26 22 53
26 29 189
26 30 73
26 31 98
27 0 208
27 15 164
27 23 166
27 28 171
28 0 47
28 2 80
28 4 54
28 5 122
28 6 82
28 10 93
28 15 235
28 17 235
28 19 15
28 22 60
28 24 3
28 27 171
28 29 165
28 30 165
29 15 203
29 19 82
29 26 189
29 28 165
29 30 18
30 0 29
30 2 129
30 3 19
30 4 118
30 5 100
30 6 89
30 9 47
30 10 35
30 12 224
30 15 36
30 17 101
30 19 45
30 20 150
30 22 58
30 24 19
30 25 34
30 26 73
30 28 165
30 29 18
30 31 15
31 0 215
31 6 146
31 15 93
31 16 86
31 17 213
31 19 8
31 22 7
31 23 155
31 24 42
31 26 98
31 30 15
